0 558 217 357
1 657 349 1608
2 558 1146 412
3 558 943 558
4 230 657 826
5 558 1319 82
6 289 1514 821
7 558 1171 558
8 558 1199 945
9 524 1548 710
10 558 220 190
11 1247 657 38
12 189 558 1248
13 558 155 1248
14 558 346 943
15 148 657 1140
16 508 558 1540
17 32 1082 710
18 1451 212 710
19 558 534 1247
20 1162 272 943
21 983 418 943
22 1615 468 248
23 472 395 248
24 1495 348 710
25 1100 558 1096
26 558 1660 1096
27 855 657 1096
28 558 744 1503
29 1616 558 44
30 651 375 78
31 558 65 78
32 928 1378 710
33 1309 74 710
34 518 115 943
35 558 31 32
36 1405 657 943
37 973 1603 943
38 510 558 347
39 1667 883 710
40 1456 558 706
41 307 558 1174
42 558 409 1622
43 25 558 192
44 558 606 1490
45 1148 767 943
46 1150 1248 549
47 1287 1332 549
48 1680 1188 549
49 1142 1405 549
50 794 558 353
51 794 558 353
52 558 1700 593
53 1167 54 549
54 613 1362 600
55 530 166 549
56 1627 1336 549
57 558 1400 948
58 1092 480 264
59 632 558 1582
60 558 923 584
61 274 136 1003
62 860 558 1003
63 1347 1527 943
64 558 331 68
65 945 558 558
66 1644 1495 1457
67 1066 558 1485
68 558 1066 1485
69 1066 558 1485
70 558 1622 1077
71 667 558 1077
72 115 1336 325
73 920 785 710
74 748 558 1318
75 304 657 362
76 421 657 127
77 989 1405 325
78 558 790 53
79 558 1068 763
80 558 147 1088
81 558 1463 1088
82 1370 493 1042
83 1473 1421 1042
84 513 443 943
85 1673 1646 943
86 490 1516 943
87 856 558 311
88 835 558 311
89 558 1158 783
90 558 1704 783
91 558 1253 783
92 230 558 381
93 230 558 381
94 230 558 381
95 558 230 381
96 230 558 381
97 558 230 381
98 230 558 381
99 558 1343 152
100 371 558 555
101 558 207 810
102 501 558 819
103 1138 558 1148
104 657 672 963
105 202 558 967
106 972 558 1691
107 1563 558 1342
108 844 558 786
109 657 1296 422
110 1346 558 422
111 359 558 422
112 1680 558 984
113 558 365 1410
114 558 1145 403
115 746 558 527
116 972 1372 1610
117 653 1497 710
118 489 558 429
119 558 10 467
120 692 558 460
121 558 1647 536
122 1358 558 917
123 429 514 821
124 558 1268 744
125 430 1570 710
126 1179 393 943
127 998 1188 1700
128 1389 1287 1700
129 558 1462 1369
130 657 438 1369
131 558 816 925
132 721 1001 1700
133 618 1336 1700
134 1043 558 818
135 657 414 818
136 3 1405 1700
137 1426 558 270
138 477 1559 1678
139 558 1632 1678
140 1590 1083 710
141 558 1017 589
142 1424 1066 710
143 1455 558 1420
144 397 558 1420
145 789 558 493
146 884 558 640
147 558 624 1108
148 558 75 154
149 657 129 154
150 558 605 787
151 558 325 1247
152 604 558 1582
153 1010 558 1670
154 82 657 798
155 82 657 798
156 1264 558 453
157 567 558 28
158 558 1548 121
159 1225 558 285
160 558 70 1134
161 1366 558 706
162 952 558 272
163 426 558 715
164 914 558 715
165 711 739 761
166 657 399 1296
167 657 373 1453
168 558 264 1312
169 558 812 646
170 1513 210 943
171 1500 1706 379
172 558 1345 379
173 1101 1508 813
174 558 11 4
175 1380 558 819
176 214 657 714
177 818 558 43
178 558 1107 1520
179 558 1130 1002
180 779 805 943
181 1141 101 710
182 408 1308 943
183 1480 379 1581
184 558 191 347
185 1116 558 1537
186 558 1116 1537
187 1116 558 1537
188 169 558 1624
189 938 558 408
190 1125 558 1576
191 1609 1394 943
192 453 558 205
193 558 368 309
194 405 1172 1544
195 558 373 1720
196 657 612 1720
197 1076 657 1088
198 558 773 646
199 558 1141 982
200 558 1203 1135
201 558 1629 1135
202 558 813 1258
203 558 720 248
204 558 1371 1045
205 558 1237 999
206 1237 558 999
207 558 1237 999
208 558 1237 999
209 1237 558 999
210 558 1237 999
211 1237 558 999
212 561 29 943
213 558 876 867
214 558 1717 1173
215 206 558 1146
216 558 1106 76
217 558 1033 241
218 657 1015 241
219 975 886 995
220 558 1371 201
221 558 272 273
222 307 558 846
223 1183 541 879
224 558 380 827
225 558 124 1061
226 332 1403 654
227 1108 657 943
228 558 355 621
229 558 251 1035
230 188 558 1606
231 407 719 41
232 52 87 41
233 1651 1424 41
234 315 1661 41
235 1160 1095 41
236 483 1387 41
237 13 1014 41
238 1539 1147 41
239 558 689 370
240 558 1534 805
241 326 1136 943
242 1117 170 943
243 797 873 710
244 558 1087 1382
245 1178 558 960
246 1628 316 977
247 558 143 977
248 1098 166 874
249 1212 1336 874
250 1532 1188 874
251 1405 1702 874
252 183 1150 874
253 81 1287 874
254 802 558 781
255 558 406 1525
256 558 555 1525
257 427 558 647
258 1425 558 1372
259 242 1648 943
260 931 1674 710
261 1526 1450 710
262 638 558 1273
263 558 154 512
264 874 558 1247
265 558 1448 1427
266 558 1357 223
267 558 1002 1219
268 1108 687 1042
269 604 1477 943
270 367 1082 206
271 818 558 265
272 558 971 1575
273 371 406 105
274 558 555 105
275 558 1323 631
276 657 283 631
277 267 558 544
278 616 558 1482
279 657 1437 943
280 558 1364 101
281 558 844 985
282 558 1151 1262
283 618 1212 654
284 280 1098 654
285 3 1702 654
286 998 1532 654
287 1389 81 654
288 694 183 654
289 558 883 315
290 558 178 1307
291 558 347 281
292 553 558 781
293 558 1235 1413
294 558 1649 764
295 558 1187 1212
296 719 1597 710
297 558 1605 1410
298 455 558 279
299 407 657 943
300 1724 558 730
301 558 175 612
302 558 175 612
303 558 175 612
304 558 175 612
305 175 558 612
306 175 558 612
307 558 175 612
308 558 317 445
309 558 417 445
310 558 417 445
311 127 558 710
312 539 558 445
313 558 539 445
314 539 558 445
315 558 539 445
316 558 539 445
317 287 558 768
318 1215 558 1382
319 558 547 1220
320 817 558 1220
321 1637 1242 1015
322 1282 872 1015
323 413 401 1015
324 558 1464 784
325 558 501 67
326 558 913 1699
327 261 558 447
328 388 558 425
329 564 54 801
330 335 558 347
331 558 1596 1602
332 442 558 182
333 657 798 746
334 261 729 943
335 959 323 710
336 1183 1605 710
337 1181 793 1595
338 488 558 1227
339 182 558 0
340 861 558 1452
341 558 1000 575
342 558 1055 1708
343 558 921 1305
344 800 558 525
345 1331 657 525
346 80 558 1130
347 558 980 1381
348 1133 558 328
349 558 194 328
350 451 558 66
351 451 558 66
352 451 558 66
353 451 558 66
354 558 48 943
355 558 741 943
356 600 558 1341
357 558 300 712
358 558 1224 1108
359 1303 1397 335
360 279 558 253
361 1692 558 253
362 657 943 1129
363 906 558 1333
364 82 558 558
365 558 605 1081
366 558 1198 1530
367 657 248 424
368 558 1178 614
369 248 558 198
370 424 558 198
371 1717 1604 335
372 413 977 437
373 558 1054 926
374 694 1150 1700
375 558 349 869
376 558 349 869
377 349 558 869
378 558 349 869
379 349 558 869
380 349 558 869
381 349 558 869
382 657 1393 1076
383 657 1393 1076
384 558 641 1611
385 280 166 1700
386 558 544 244
387 757 939 1144
388 1456 428 248
389 12 1091 248
390 558 16 248
391 213 558 82
392 558 686 170
393 558 280 601
394 1654 162 943
395 705 1062 821
396 6 558 521
397 657 417 317
398 558 52 203
399 558 1076 353
400 558 1076 353
401 558 1463 353
402 1553 845 710
403 1358 558 1109
404 558 1281 650
405 558 500 427
406 112 1314 427
407 878 462 943
408 807 558 330
409 558 1716 1258
410 584 315 48
411 502 1651 48
412 49 483 48
413 948 1160 48
414 205 1539 48
415 1551 13 48
416 1336 657 943
417 1187 1029 943
418 558 1383 1503
419 1667 92 821
420 1090 1683 943
421 558 1018 762
422 421 558 135
423 421 558 135
424 558 421 135
425 421 558 135
426 1160 657 943
427 1630 657 943
428 366 1012 440
429 1143 558 668
430 21 558 1162
431 474 15 943
432 1169 54 1263
433 558 1035 962
434 963 558 1523
435 635 657 1523
436 1413 558 1260
437 657 1235 1260
438 558 130 220
439 639 657 220
440 558 102 400
441 657 1696 400
442 558 1696 834
443 558 400 834
444 1561 558 777
445 656 558 604
446 1443 657 1545
447 558 1012 1246
448 558 949 1334
449 558 1406 1334
450 977 1108 859
451 402 187 710
452 558 1129 358
453 558 1129 358
454 1717 1113 943
455 871 1001 1263
456 657 52 943
457 568 498 943
458 138 558 1250
459 990 558 1250
460 1041 657 1250
461 558 1214 1011
462 558 182 1655
463 1356 558 1136
464 909 558 378
465 71 558 35
466 654 657 35
467 1180 558 554
468 558 964 554
469 1304 558 787
470 1347 558 967
471 558 104 967
472 571 343 710
473 207 1061 943
474 473 1004 980
475 558 958 89
476 657 672 963
477 863 558 1240
478 164 333 943
479 558 1197 174
480 558 1170 781
481 1417 657 670
482 558 1443 994
483 1443 558 994
484 558 1443 994
485 558 1443 994
486 1443 558 994
487 558 1443 994
488 1443 558 994
489 558 518 1439
490 1435 721 654
491 558 880 13
492 747 558 670
493 1480 558 1472
494 1294 558 1587
495 558 1083 1587
496 1285 942 1628
497 558 877 506
498 1278 1642 824
499 722 1084 59
500 1347 558 1396
501 558 634 1676
502 86 657 1676
503 194 310 943
504 1092 558 118
505 558 572 1176
506 61 558 1336
507 268 558 1100
508 268 558 1100
509 268 558 1100
510 558 383 712
511 1560 558 1337
512 558 3 1603
513 1422 754 443
514 558 755 443
515 496 601 943
516 225 558 1223
517 657 859 1223
518 895 558 337
519 558 1222 1225
520 87 870 710
521 684 1414 1015
522 1437 606 1015
523 844 459 943
524 568 558 175
525 916 558 1517
526 765 1299 1015
527 1630 314 1015
528 121 331 1015
529 1402 57 293
530 207 356 293
531 810 558 293
532 734 1106 335
533 330 558 807
534 1041 558 990
535 138 657 990
536 558 1575 1357
537 558 1475 1097
538 740 1691 59
539 51 29 787
540 558 203 1635
541 1641 237 710
542 724 409 710
543 1426 845 1662
544 558 80 267
545 387 916 206
546 649 1071 59
547 22 1572 505
548 558 193 505
549 1071 495 943
550 1130 558 1109
551 1163 558 1417
552 558 1163 1417
553 1163 558 1417
554 558 1163 1417
555 1163 558 1417
556 718 116 943
557 165 558 1236
558 1584 345 8
559 558 37 1634
560 558 224 1634
561 176 558 10
562 628 558 55
563 299 1616 1614
564 558 335 925
565 558 1697 664
566 558 1134 1465
567 122 558 1459
568 1030 558 1459
569 558 1305 772
570 657 921 772
571 558 496 1098
572 481 558 1079
573 534 558 943
574 625 558 459
575 830 558 43
576 103 558 558
577 566 580 755
578 520 657 1634
579 558 17 732
580 558 1536 732
581 248 1679 710
582 223 1215 710
583 1327 558 748
584 558 511 1078
585 1108 719 863
586 991 87 863
587 1473 1424 863
588 1302 1661 863
589 892 1095 863
590 1503 1387 863
591 833 1014 863
592 493 1147 863
593 1368 558 1374
594 657 1493 322
595 1493 657 322
596 1493 657 322
597 1493 657 322
598 558 1233 1536
599 558 286 1536
600 558 382 1536
601 558 1173 1536
602 558 1543 1536
603 558 76 1536
604 1658 558 1536
605 245 558 1536
606 985 558 1536
607 558 682 1536
608 558 665 1536
609 558 271 1536
610 558 552 1536
611 1623 558 1536
612 403 558 1536
613 1273 558 1536
614 558 1337 1536
615 558 1355 1536
616 558 787 1536
617 558 575 1536
618 558 257 1536
619 179 558 1536
620 131 558 1536
621 1420 558 1536
622 558 1342 1536
623 558 4 1536
624 558 1396 1536
625 558 167 1536
626 558 303 1536
627 1504 558 1536
628 1721 558 1536
629 1074 558 1536
630 558 1478 1536
631 558 594 1536
632 558 1292 1536
633 558 1114 1536
634 558 1476 1536
635 1226 558 1536
636 1419 558 1536
637 573 1491 943
638 558 272 236
639 558 299 587
640 1466 558 337
641 1601 558 337
642 558 1173 337
643 558 1562 337
644 558 1543 337
645 558 1540 337
646 558 245 337
647 985 558 337
648 682 558 337
649 665 558 337
650 558 286 337
651 558 271 337
652 558 370 337
653 558 403 337
654 558 804 337
655 712 558 337
656 546 558 337
657 776 558 337
658 558 257 337
659 558 179 337
660 558 1420 337
661 558 4 337
662 167 558 337
663 303 558 337
664 1504 558 337
665 487 558 337
666 558 579 337
667 558 145 337
668 558 259 337
669 558 517 337
670 352 558 337
671 750 558 337
672 528 558 337
673 691 558 337
674 558 1646 337
675 558 1114 337
676 558 1476 337
677 558 1226 337
678 1665 558 337
679 840 558 337
680 1164 558 337
681 473 848 943
682 614 389 943
683 558 249 1359
684 960 1081 943
685 1154 558 248
686 180 558 248
687 558 1367 1202
688 558 57 1202
689 558 620 307
690 558 256 784
691 558 278 1551
692 171 558 567
693 1026 558 567
694 657 322 567
695 558 8 551
696 1620 1125 943
697 1297 558 558
698 1275 558 832
699 437 558 491
700 642 558 1502
701 951 558 1502
702 1152 657 1502
703 744 558 892
704 911 696 79
705 277 893 943
706 1257 558 412
707 1189 262 1714
708 177 558 1241
709 558 351 833
710 558 1541 43
711 558 91 1529
712 558 11 167
713 854 1395 710
714 1290 558 1126
715 1556 986 699
716 867 558 699
717 1649 558 1057
718 558 1538 1070
719 1334 558 1070
720 558 200 1070
721 382 558 1112
722 1233 558 1112
723 84 558 1112
724 1543 558 1112
725 76 558 1112
726 1658 558 1112
727 786 558 1112
728 1664 558 1112
729 1482 558 1112
730 286 558 1112
731 271 558 1112
732 370 558 1112
733 552 558 1112
734 1612 558 1112
735 1487 558 1112
736 784 558 1112
737 764 558 1112
738 1057 558 1112
739 1582 558 1112
740 1031 558 1112
741 804 558 1112
742 1311 558 1112
743 1428 558 1112
744 1520 558 1112
745 1259 558 1112
746 857 558 1112
747 712 558 1112
748 1337 558 1112
749 1381 558 1112
750 776 558 1112
751 157 558 1112
752 1324 558 1112
753 179 558 1112
754 131 558 1112
755 4 558 1112
756 1396 558 1112
757 167 558 1112
758 303 558 1112
759 1086 558 1112
760 1074 558 1112
761 487 558 1112
762 579 558 1112
763 0 558 1112
764 1478 558 1112
765 594 558 1112
766 1210 558 1112
767 1557 558 1112
768 259 558 1112
769 1052 558 1112
770 791 558 1112
771 352 558 1112
772 750 558 1112
773 932 558 1112
774 1589 558 1112
775 446 558 1112
776 528 558 1112
777 309 558 1112
778 1430 558 1112
779 1646 558 1112
780 1476 558 1112
781 1226 558 1112
782 1569 558 1112
783 950 558 1112
784 1665 558 1112
785 1710 558 1112
786 1050 558 1112
787 607 558 1112
788 219 558 1112
789 1384 558 1300
790 416 1016 710
791 558 1637 276
792 586 1330 1544
793 586 1330 1544
794 1607 318 943
795 558 1466 1328
796 271 558 1328
797 370 558 1328
798 558 552 1328
799 558 1612 1328
800 558 1487 1328
801 558 784 1328
802 558 244 1328
803 558 1623 1328
804 764 558 1328
805 403 558 1328
806 558 1582 1328
807 558 1031 1328
808 558 804 1328
809 558 1311 1328
810 558 1520 1328
811 558 857 1328
812 712 558 1328
813 558 1381 1328
814 558 546 1328
815 558 776 1328
816 558 157 1328
817 558 1243 1328
818 558 1324 1328
819 131 558 1328
820 1396 558 1328
821 558 303 1328
822 558 1504 1328
823 558 1086 1328
824 558 1074 1328
825 558 1246 1328
826 558 487 1328
827 579 558 1328
828 0 558 1328
829 558 1478 1328
830 558 594 1328
831 558 1557 1328
832 558 259 1328
833 558 1052 1328
834 558 791 1328
835 352 558 1328
836 750 558 1328
837 558 932 1328
838 558 1589 1328
839 558 446 1328
840 558 528 1328
841 558 309 1328
842 558 1430 1328
843 691 558 1328
844 1292 558 1328
845 558 1646 1328
846 558 1114 1328
847 558 1476 1328
848 558 1226 1328
849 558 1569 1328
850 558 1665 1328
851 1050 558 1328
852 558 1174 1328
853 558 1310 1063
854 672 657 963
855 558 846 840
856 558 187 1131
857 566 802 243
858 516 558 216
859 1610 558 216
860 558 1046 1299
861 389 558 1107
862 416 107 639
863 558 1334 1007
864 558 754 1673
865 1636 707 639
866 1484 558 573
867 558 1013 1241
868 558 1217 1241
869 558 1157 291
870 657 1564 291
871 1225 558 1524
872 558 10 1721
873 558 1488 278
874 558 1278 462
875 725 558 599
876 441 558 692
877 325 657 692
878 558 300 1259
879 1350 558 760
880 558 458 1473
881 27 558 820
882 917 558 383
883 558 386 622
884 1649 558 248
885 472 1366 16
886 558 850 899
887 558 147 353
888 558 147 353
889 558 347 1385
890 1132 1087 710
891 1180 558 248
892 1373 188 943
893 486 558 817
894 657 963 997
895 1523 558 997
896 635 558 997
897 859 558 225
898 136 558 640
899 860 558 640
900 1021 558 155
901 425 558 155
902 558 1555 440
903 1686 558 432
904 1097 558 432
905 558 672 635
906 672 558 635
907 558 672 635
908 672 558 635
909 558 672 635
910 672 558 635
911 672 558 635
912 558 1534 43
913 1330 558 967
914 721 558 181
915 1225 683 943
916 558 630 726
917 558 1191 1195
918 1254 657 1195
919 1055 558 771
920 251 558 221
921 558 251 221
922 558 372 248
923 1365 1085 248
924 359 92 943
925 626 756 710
926 457 823 710
927 558 741 255
928 148 657 1140
929 1634 558 1288
930 558 1040 383
931 1040 558 383
932 558 699 1637
933 1445 1495 270
934 558 1552 1593
935 362 657 1593
936 1525 957 1666
937 250 953 1666
938 701 740 1666
939 884 1071 1666
940 308 296 1666
941 1469 277 1666
942 1459 722 1666
943 304 177 1666
944 558 256 341
945 1558 428 16
946 252 591 691
947 558 1672 558
948 1053 558 439
949 558 786 156
950 558 1664 156
951 558 1482 156
952 558 1243 156
953 558 822 156
954 1324 558 156
955 558 1646 156
956 1155 558 156
957 558 301 156
958 558 950 156
959 558 1665 156
960 558 1710 156
961 1302 657 943
962 1694 1 943
963 54 1403 874
964 558 137 1120
965 1171 558 558
966 744 558 833
967 218 558 368
968 319 1707 623
969 388 558 623
970 1368 558 1578
971 558 476 1027
972 368 558 1589
973 104 558 1589
974 558 1096 153
975 1352 558 440
976 104 558 440
977 812 558 440
978 558 962 1585
979 1489 558 1398
980 1103 1106 258
981 1347 558 979
982 558 1464 370
983 558 1671 955
984 911 558 1343
985 558 434 790
986 558 70 1054
987 558 1106 1543
988 320 558 1150
989 1108 488 283
990 657 1608 775
991 1423 558 775
992 869 558 775
993 1473 481 283
994 340 558 1164
995 558 1382 248
996 673 1053 575
997 703 927 879
998 931 558 415
999 1375 558 88
1000 771 558 1110
1001 965 1388 1506
1002 295 558 1506
1003 558 7 353
1004 558 7 353
1005 558 466 353
1006 920 558 73
1007 651 558 65
1008 248 902 710
1009 1182 558 1384
1010 1675 895 943
1011 674 558 25
1012 1588 829 943
1013 894 1281 943
1014 369 1075 943
1015 929 1234 943
1016 558 1223 688
1017 1638 1537 943
1018 701 716 110
1019 1716 558 510
1020 161 558 1113
1021 1382 558 861
1022 558 1068 1247
1023 1591 1591 471
1024 558 1591 471
1025 558 1591 471
1026 558 1591 471
1027 558 1591 471
1028 558 1591 471
1029 558 1591 471
1030 558 1591 471
1031 1591 558 471
1032 558 1325 353
1033 558 1325 353
1034 558 769 353
1035 1467 657 358
1036 463 1094 710
1037 1590 1620 879
1038 558 1368 645
1039 558 1275 248
1040 558 1267 52
1041 494 514 710
1042 279 558 954
1043 367 558 954
1044 558 1427 236
1045 558 1464 271
1046 558 1496 114
1047 1251 843 943
1048 558 1519 1437
1049 262 1447 710
1050 558 1196 522
1051 246 153 639
1052 558 790 691
1053 1601 558 1182
1054 258 558 1182
1055 665 558 1182
1056 764 558 1182
1057 1057 558 1182
1058 1381 558 1182
1059 303 558 1182
1060 285 558 1182
1061 594 558 1182
1062 1052 558 1182
1063 1589 558 1182
1064 309 558 1182
1065 1646 558 1182
1066 904 558 1182
1067 1476 558 1182
1068 950 558 1182
1069 558 607 1182
1070 219 558 1182
1071 558 984 943
1072 558 549 943
1073 558 437 943
1074 558 859 943
1075 558 1068 943
1076 558 654 943
1077 874 558 943
1078 558 1167 984
1079 851 792 710
1080 558 1248 984
1081 558 1142 984
1082 558 1627 984
1083 558 530 984
1084 558 510 1052
1085 558 134 1052
1086 105 558 1165
1087 558 942 1165
1088 945 945 37
1089 945 558 37
1090 945 558 37
1091 945 558 37
1092 945 558 37
1093 558 945 37
1094 945 558 37
1095 945 558 37
1096 558 945 37
1097 36 558 8
1098 150 558 8
1099 1030 333 570
1100 591 558 1258
1101 684 657 943
1102 558 1649 1259
1103 1724 448 943
1104 558 1598 685
1105 558 1060 1238
1106 371 957 921
1107 965 250 921
1108 22 740 921
1109 274 1071 921
1110 651 296 921
1111 486 277 921
1112 722 1197 921
1113 304 532 921
1114 1376 1288 710
1115 558 327 1569
1116 640 558 988
1117 34 828 943
1118 657 1188 943
1119 558 2 151
1120 72 558 1326
1121 1339 597 710
1122 558 834 402
1123 436 558 485
1124 809 558 361
1125 442 509 943
1126 558 564 1025
1127 558 1601 1320
1128 558 382 1320
1129 558 1173 1320
1130 558 1233 1320
1131 1562 558 1320
1132 558 1543 1320
1133 558 76 1320
1134 558 1658 1320
1135 558 1540 1320
1136 558 245 1320
1137 558 985 1320
1138 558 786 1320
1139 1664 558 1320
1140 558 682 1320
1141 558 1482 1320
1142 558 665 1320
1143 558 286 1320
1144 558 324 1320
1145 558 1337 1320
1146 558 1355 1320
1147 558 787 1320
1148 558 257 1320
1149 558 179 1320
1150 558 1420 1320
1151 558 4 1320
1152 558 167 1320
1153 558 145 1320
1154 558 517 1320
1155 558 301 1320
1156 558 950 1320
1157 1710 558 1320
1158 1419 558 1320
1159 558 1164 1320
1160 977 624 1068
1161 558 79 236
1162 1003 558 1023
1163 1425 924 1023
1164 1645 478 1068
1165 704 458 1068
1166 753 558 811
1167 753 558 811
1168 558 127 519
1169 135 657 519
1170 1575 558 1360
1171 558 252 1155
1172 1348 558 1628
1173 1703 468 16
1174 366 558 1074
1175 308 1583 1063
1176 558 234 1513
1177 558 384 946
1178 558 128 1653
1179 275 558 773
1180 66 558 376
1181 558 842 376
1182 1479 657 376
1183 98 1709 943
1184 558 1282 686
1185 562 645 710
1186 1705 558 467
1187 297 346 1392
1188 558 284 1392
1189 558 1227 526
1190 558 1464 552
1191 558 78 1425
1192 1310 142 1425
1193 558 1617 117
1194 422 558 92
1195 558 744 991
1196 851 558 1294
1197 197 944 943
1198 558 1106 1658
1199 1684 1418 710
1200 388 558 516
1201 1566 558 1221
1202 558 1044 812
1203 1352 1131 943
1204 558 1560 1355
1205 1375 95 710
1206 1089 1529 710
1207 454 946 844
1208 331 1336 129
1209 314 166 129
1210 1405 606 129
1211 1414 1188 129
1212 1391 558 352
1213 1352 558 352
1214 820 1657 943
1215 511 845 553
1216 558 608 1272
1217 558 123 413
1218 558 185 1142
1219 558 404 1142
1220 21 558 43
1221 558 944 1449
1222 337 558 1675
1223 363 1091 16
1224 558 1717 1233
1225 885 558 384
1226 550 558 384
1227 176 598 943
1228 1592 1653 943
1229 558 891 943
1230 558 1562 702
1231 1543 558 702
1232 76 558 702
1233 1540 558 702
1234 245 558 702
1235 985 558 702
1236 786 558 702
1237 682 558 702
1238 244 558 702
1239 324 558 702
1240 558 1466 702
1241 546 558 702
1242 1324 558 702
1243 179 558 702
1244 1396 558 702
1245 167 558 702
1246 1074 558 702
1247 1246 558 702
1248 53 558 702
1249 691 558 702
1250 1665 558 702
1251 558 191 248
1252 558 1275 778
1253 687 558 31
1254 657 42 444
1255 1196 558 1228
1256 148 657 1140
1257 67 1036 943
1258 1236 558 1632
1259 1220 558 1632
1260 1498 558 163
1261 903 558 163
1262 1576 558 1620
1263 1011 862 943
1264 1687 222 710
1265 299 1625 710
1266 1008 169 943
1267 1714 558 1321
1268 1103 558 1244
1269 620 558 1433
1270 254 1353 710
1271 340 1283 943
1272 433 1023 681
1273 430 206 1446
1274 311 558 1010
1275 1334 558 1010
1276 558 534 1047
1277 35 558 796
1278 1407 933 1262
1279 296 1490 943
1280 558 928 667
1281 891 1032 284
1282 1070 558 292
1283 60 558 26
1284 1512 558 26
1285 1173 558 26
1286 258 558 26
1287 245 558 26
1288 682 558 26
1289 492 558 26
1290 1204 558 26
1291 558 58 26
1292 342 558 26
1293 257 558 26
1294 354 558 26
1295 1168 558 26
1296 1721 558 26
1297 1239 558 26
1298 558 461 26
1299 447 558 26
1300 660 558 26
1301 1292 558 26
1302 1114 558 26
1303 904 558 26
1304 558 1419 26
1305 281 558 26
1306 1164 558 26
1307 558 168 1651
1308 1242 704 437
1309 889 1104 943
1310 1474 558 991
1311 48 558 1247
1312 1331 558 1247
1313 1039 558 456
1314 939 558 647
1315 825 138 943
1316 717 558 1036
1317 558 1650 1672
1318 1270 558 509
1319 558 390 653
1320 558 1455 179
1321 1365 558 862
1322 657 9 866
1323 1560 558 1055
1324 269 558 1038
1325 558 1019 1622
1326 1294 558 1622
1327 558 1491 1484
1328 558 1374 882
1329 306 558 725
1330 1619 558 1448
1331 831 858 943
1332 1598 262 1511
1333 1444 991 1042
1334 1633 558 172
1335 210 657 172
1336 678 558 1357
1337 558 1600 1302
1338 98 1150 1186
1339 558 964 1533
1340 149 558 331
1341 558 1522 984
1342 558 1399 1715
1343 558 1399 1715
1344 1105 657 1715
1345 726 558 677
1346 565 558 989
1347 558 329 1022
1348 558 1465 689
1349 396 796 943
1350 153 1100 943
1351 793 558 1442
1352 558 109 1380
1353 558 405 967
1354 1312 558 1693
1355 1604 558 1601
1356 558 1397 1601
1357 558 1698 1247
1358 558 175 558
1359 1030 333 269
1360 1721 558 603
1361 1483 336 235
1362 558 1084 235
1363 970 558 149
1364 558 762 149
1365 558 478 892
1366 965 558 295
1367 273 558 791
1368 677 558 791
1369 1597 558 116
1370 558 1597 116
1371 1597 558 116
1372 558 966 1683
1373 325 558 441
1374 558 1649 1109
1375 558 318 627
1376 330 881 538
1377 558 1223 43
1378 874 558 282
1379 558 1301 33
1380 1517 558 853
1381 1388 558 425
1382 295 558 425
1383 1584 558 876
1384 1458 833 283
1385 326 558 1356
1386 637 558 1318
1387 516 558 1691
1388 558 401 394
1389 558 471 1415
1390 558 466 1415
1391 1290 698 710
1392 111 955 943
1393 62 1690 943
1394 374 1669 943
1395 888 558 675
1396 888 558 675
1397 558 872 697
1398 636 558 1239
1399 732 106 792
1400 558 93 1005
1401 419 558 978
1402 558 1320 1328
1403 558 1688 1304
1404 558 998 828
1405 1145 558 248
1406 604 558 248
1407 533 599 710
1408 558 694 1064
1409 558 849 321
1410 657 247 321
1411 384 558 1228
1412 384 558 1228
1413 385 558 1377
1414 558 1614 1177
1415 558 300 857
1416 558 520 353
1417 558 520 353
1418 558 224 353
1419 60 558 194
1420 1512 558 194
1421 84 558 194
1422 558 1623 194
1423 558 403 194
1424 558 1428 194
1425 558 492 194
1426 558 1204 194
1427 1259 558 194
1428 558 342 194
1429 558 1355 194
1430 558 787 194
1431 558 575 194
1432 1243 558 194
1433 822 558 194
1434 1420 558 194
1435 558 1342 194
1436 558 1504 194
1437 1168 558 194
1438 145 558 194
1439 1524 558 194
1440 1210 558 194
1441 461 558 194
1442 558 1155 194
1443 558 301 194
1444 558 1385 194
1445 558 650 558
1446 558 944 759
1447 1300 343 879
1448 558 664 1006
1449 675 330 710
1450 612 558 353
1451 612 558 353
1452 14 294 943
1453 586 832 943
1454 558 60 1567
1455 558 1487 1567
1456 558 1031 1567
1457 1428 558 1567
1458 558 58 1567
1459 558 342 1567
1460 1381 558 1567
1461 558 579 1567
1462 558 120 1567
1463 558 677 1567
1464 558 447 1567
1465 558 660 1567
1466 558 1430 1567
1467 904 558 1567
1468 558 607 1567
1469 613 150 1682
1470 558 1256 91
1471 657 574 91
1472 558 543 339
1473 239 558 595
1474 992 558 595
1475 558 859 1247
1476 676 907 943
1477 657 1536 17
1478 558 646 17
1479 558 889 1114
1480 327 558 1226
1481 684 1661 1564
1482 1437 1095 1564
1483 1282 87 1564
1484 1242 1424 1564
1485 413 719 1564
1486 1322 558 320
1487 735 558 320
1488 558 471 353
1489 558 471 353
1490 558 595 354
1491 643 558 444
1492 1613 558 444
1493 1431 1134 943
1494 558 256 1478
1495 924 558 1313
1496 558 710 1105
1497 558 710 1105
1498 710 558 1105
1499 558 710 1105
1500 710 558 1105
1501 558 545 1488
1502 558 1547 1488
1503 558 815 45
1504 558 570 647
1505 1491 1287 801
1506 467 558 470
1507 146 737 943
1508 1188 1531 801
1509 513 558 885
1510 558 37 353
1511 558 37 353
1512 350 313 96
1513 649 558 96
1514 558 798 288
1515 657 794 288
1516 826 657 1429
1517 625 558 43
1518 558 34 1532
1519 558 652 751
1520 558 475 1677
1521 657 999 1677
1522 865 958 943
1523 1405 85 1186
1524 1648 1188 1186
1525 1 1287 1186
1526 558 1067 582
1527 821 657 582
1528 1336 448 1186
1529 589 166 1186
1530 558 263 1629
1531 558 1502 707
1532 558 654 71
1533 777 1001 1186
1534 1719 558 858
1535 1717 558 60
1536 657 945 520
1537 657 945 520
1538 253 558 1104
1539 362 558 1552
1540 797 558 892
1541 678 558 644
1542 854 558 975
1543 558 803 1084
1544 1314 558 1084
1545 1454 1494 1205
1546 260 558 1205
1547 1689 982 943
1548 1001 657 943
1549 522 88 943
1550 484 914 1386
1551 307 558 31
1552 1580 558 1287
1553 1580 558 1287
1554 435 558 86
1555 558 435 86
1556 558 435 86
1557 558 435 86
1558 1624 248 710
1559 616 558 286
1560 482 558 803
1561 558 736 210
1562 558 736 210
1563 558 736 210
1564 558 736 210
1565 959 558 294
1566 558 1592 128
1567 558 42 353
1568 558 42 353
1569 558 1613 353
1570 558 1165 910
1571 658 989 943
1572 1304 558 673
1573 39 558 15
1574 1514 880 710
1575 549 558 708
1576 305 1531 943
1577 202 629 480
1578 472 1606 710
1579 44 90 943
1580 558 229 683
1581 1380 558 1154
1582 558 347 904
1583 559 608 943
1584 558 373 353
1585 558 373 353
1586 558 1720 353
1587 54 657 943
1588 722 68 943
1589 558 302 409
1590 841 957 362
1591 250 681 362
1592 350 740 362
1593 1071 1063 362
1594 296 477 362
1595 277 336 362
1596 722 1318 362
1597 469 875 943
1598 844 558 1664
1599 573 1287 325
1600 1656 450 613
1601 558 1159 613
1602 657 493 943
1603 1481 1452 943
1604 560 808 943
1605 1517 558 572
1606 1348 1525 693
1607 169 558 139
1608 558 1421 334
1609 643 558 353
1610 643 558 353
1611 46 558 248
1612 558 1185 1137
1613 558 412 560
1614 274 558 860
1615 436 85 943
1616 896 1284 943
1617 558 180 1716
1618 588 558 1349
1619 558 1370 1045
1620 1321 132 943
1621 1254 1307 943
1622 1347 558 550
1623 1137 816 790
1624 250 697 943
1625 825 864 639
1626 558 1588 175
1627 558 1417 747
1628 558 1309 1460
1629 201 558 1174
1630 558 798 353
1631 558 798 353
1632 558 288 353
1633 558 525 943
1634 558 628 943
1635 1470 558 1111
1636 558 1614 1111
1637 313 558 1680
1638 649 558 1680
1639 984 558 956
1640 558 242 1521
1641 1148 1150 325
1642 137 504 440
1643 1649 558 1382
1644 300 558 1382
1645 1433 558 90
1646 558 256 120
1647 1063 185 1645
1648 404 558 1645
1649 558 1352 1258
1650 558 1169 987
1651 558 531 95
1652 31 1051 943
1653 1368 1149 710
1654 612 558 1453
1655 1720 558 1453
1656 558 113 126
1657 1391 558 750
1658 558 1610 640
1659 558 532 1217
1660 476 558 43
1661 558 1213 453
1662 620 558 1371
1663 51 558 439
1664 558 334 1553
1665 558 605 1002
1666 558 605 1002
1667 1541 558 1477
1668 558 1107 1428
1669 558 604 1428
1670 558 89 558
1671 558 272 646
1672 558 1293 1174
1673 558 1455 131
1674 1331 558 800
1675 558 741 1247
1676 121 1014 1564
1677 1630 1387 1564
1678 1037 266 943
1679 657 650 42
1680 657 650 42
1681 558 973 1702
1682 558 1119 1471
1683 1586 621 943
1684 577 1046 710
1685 558 956 476
1686 984 657 476
1687 1244 558 1562
1688 1351 558 1562
1689 961 558 1503
1690 1093 226 710
1691 1358 558 245
1692 14 558 671
1693 558 1662 1124
1694 558 1401 1269
1695 558 1249 1269
1696 668 1451 821
1697 1593 558 226
1698 196 558 543
1699 657 1468 543
1700 558 236 1708
1701 1237 657 475
1702 827 558 1350
1703 827 1472 710
1704 1275 1581 710
1705 558 1133 1626
1706 558 702 1626
1707 1128 1353 821
1708 558 1037 1086
1709 558 1105 1399
1710 558 972 319
1711 558 425 936
1712 657 1005 1325
1713 1005 657 1325
1714 558 611 43
1715 558 1106 245
1716 50 1350 710
1717 36 558 600
1718 558 1048 1721
1719 1636 935 710
1720 503 558 1394
1721 1630 280 1468
1722 1437 3 1468
1723 684 998 1468
1724 1242 1389 1468
1725 1004 558 1408
1726 553 558 1662
1727 721 1299 1468
1728 1347 558 862
1729 558 376 107
1730 182 1151 236
1731 558 141 124
1732 1528 1215 710
1733 1161 109 710
1734 626 1198 1401
1735 558 391 529
1736 558 391 529
1737 558 391 529
1738 558 19 770
1739 1150 657 943
1740 182 265 943
1741 897 1211 943
1742 368 558 446
1743 558 1354 1165
1744 558 879 1214
1745 1635 558 966
1746 657 203 966
1747 770 558 559
1748 1271 558 1596
1749 657 140 1596
1750 657 1242 943
1751 1402 114 943
1752 1014 1116 710
1753 1546 1495 1600
1754 1044 558 31
1755 558 979 905
1756 156 558 1533
1757 657 175 373
1758 657 175 373
1759 558 267 1175
1760 1473 657 943
1761 882 558 597
1762 1056 558 761
1763 695 619 78
1764 558 1179 78
1765 674 745 943
1766 1130 512 943
1767 1102 1099 943
1768 269 558 1241
1769 558 298 353
1770 558 298 353
1771 558 23 353
1772 1279 558 600
1773 558 969 161
1774 657 801 161
1775 715 558 641
1776 1704 558 641
1777 558 654 1247
1778 558 604 804
1779 615 166 325
1780 558 1042 1577
1781 558 414 1043
1782 843 1001 325
1783 1257 558 1218
1784 1587 558 894
1785 558 490 1393
1786 1073 557 344
1787 657 230 826
1788 20 585 344
1789 558 1316 344
1790 73 934 943
1791 1465 558 248
1792 1349 558 1501
1793 1349 558 1501
1794 558 1349 1501
1795 1349 558 1501
1796 1049 160 943
1797 647 558 477
1798 558 264 1149
1799 558 1218 1565
1800 558 1218 1565
1801 248 1276 710
1802 1713 501 943
1803 1512 558 971
1804 258 558 971
1805 84 558 971
1806 788 558 971
1807 1057 558 971
1808 204 558 971
1809 1582 558 971
1810 1204 558 971
1811 712 558 971
1812 157 558 971
1813 1086 558 971
1814 487 558 971
1815 1239 558 971
1816 285 558 971
1817 1524 558 971
1818 273 558 971
1819 750 558 971
1820 932 558 971
1821 309 558 971
1822 219 558 971
1823 1360 1091 710
1824 558 1106 84
1825 558 1262 1679
1826 1438 504 943
1827 1228 1574 943
1828 558 1640 843
1829 119 702 943
1830 1006 558 328
1831 237 119 879
1832 724 310 879
1833 248 1272 710
1834 558 270 503
1835 1684 558 833
1836 558 256 0
1837 508 1303 335
1838 1460 558 1669
1839 681 452 704
1840 1691 558 704
1841 54 737 534
1842 1009 1234 534
1843 978 450 534
1844 1475 162 534
1845 1405 727 534
1846 263 858 534
1847 679 1136 534
1848 1494 1653 534
1849 558 1028 251
1850 353 558 251
1851 353 558 251
1852 558 353 251
1853 558 353 251
1854 19 558 1708
1855 54 1108 1060
1856 1150 991 1060
1857 1473 1287 1060
1858 1188 1302 1060
1859 892 1405 1060
1860 1503 166 1060
1861 833 1336 1060
1862 1001 493 1060
1863 1065 1124 943
1864 1144 558 1571
1865 558 439 1194
1866 558 1178 848
1867 824 398 943
1868 728 558 1465
1869 972 1372 388
1870 558 1250 825
1871 558 742 943
1872 558 454 616
1873 558 774 1419
1874 1258 558 390
1875 1415 558 1418
1876 1147 1299 1564
1877 558 922 620
1878 1115 558 620
1879 558 1238 1295
1880 657 1060 1295
1881 1209 663 943
1882 1181 69 710
1883 28 171 943
1884 437 558 1247
1885 252 558 1710
1886 1339 558 799
1887 558 650 643
1888 558 650 643
1889 558 650 643
1890 650 558 643
1891 650 558 643
1892 558 650 643
1893 558 650 643
1894 657 1156 102
1895 657 1156 102
1896 657 1156 102
1897 657 1156 102
1898 657 1156 102
1899 657 1156 102
1900 657 1156 102
1901 558 592 1314
1902 1327 1617 1314
1903 302 558 1083
1904 1019 558 1083
1905 558 648 1200
1906 548 558 1435
1907 1277 558 1020
1908 1723 558 1436
1909 558 1614 1436
1910 1631 903 1184
1911 1651 657 943
1912 1085 1172 372
1913 912 1290 248
1914 558 773 273
1915 558 17 964
1916 558 1536 964
1917 558 535 663
1918 1286 558 470
1919 135 558 127
1920 558 901 872
1921 299 1723 1245
1922 1340 657 1152
1923 1340 657 1152
1924 657 1340 1152
1925 657 1340 1152
1926 1340 657 1152
1927 1081 558 1560
1928 1329 558 1609
1929 1499 558 1450
1930 558 1712 926
1931 661 566 1170
1932 1326 1073 943
1933 558 7 466
1934 657 471 466
1935 384 558 1258
1936 22 558 193
1937 997 558 289
1938 1358 521 943
1939 558 1444 318
1940 1443 657 1545
1941 644 428 710
1942 558 519 1171
1943 1089 558 1574
1944 558 1219 776
1945 184 558 305
1946 1079 558 1411
1947 558 247 849
1948 1211 558 862
1949 558 1024 94
1950 558 877 933
1951 1657 1406 523
1952 875 1659 523
1953 558 743 523
1954 558 513 1646
1955 708 558 1230
1956 657 549 1230
1957 304 1398 59
1958 143 957 59
1959 558 1654 947
1960 558 232 377
1961 413 332 1468
1962 1622 558 758
1963 558 1190 81
1964 1300 1182 943
1965 922 1544 270
1966 1115 558 270
1967 558 110 1691
1968 558 1023 1691
1969 723 558 868
1970 794 558 746
1971 288 558 746
1972 1681 558 546
1973 1270 558 43
1974 898 558 1247
1975 558 1626 119
1976 1390 1197 500
1977 558 174 500
1978 690 558 188
1979 782 1040 1303
1980 212 558 1160
1981 558 819 449
1982 457 558 1302
1983 558 1015 1033
1984 1611 1299 414
1985 305 1188 325
1986 11 55 943
1987 558 1069 1274
1988 913 1274 710
1989 558 604 1311
1990 558 298 23
1991 657 1501 23
1992 1093 558 968
1993 1705 1020 943
1994 558 781 199
1995 558 1422 199
1996 558 118 334
1997 619 558 700
1998 558 1090 157
1999 558 1467 1129
2000 657 736 1633
2001 657 736 1633
2002 657 736 1633
2003 657 736 1633
2004 657 736 1633
2005 1556 558 901
2006 867 558 901
2007 1220 558 647
2008 821 558 1067
2009 541 1320 943
2010 1409 916 710
2011 558 862 666
2012 283 558 1323
2013 558 1206 535
2014 1215 558 1185
2015 1433 558 201
2016 1200 558 493
2017 558 744 493
2018 558 967 636
2019 268 657 855
2020 268 657 855
2021 268 657 855
2022 268 657 855
2023 268 657 855
2024 558 1343 248
2025 202 558 646
2026 558 881 943
2027 1080 739 1056
2028 1539 657 943
2029 631 558 878
2030 558 1185 916
2031 558 272 967
2032 80 1333 943
2033 571 558 1671
2034 558 302 1671
2035 1019 558 1671
2036 558 1294 1671
2037 1306 558 1516
2038 558 1306 1516
2039 1306 558 1516
2040 558 1468 196
2041 558 1058 271
2042 1039 24 710
2043 558 1649 857
2044 558 1377 857
2045 1101 190 943
2046 412 558 164
2047 993 20 943
2048 726 558 0
2049 1412 558 1455
2050 558 1296 1346
2051 359 657 1346
2052 558 1455 1324
2053 765 1001 214
2054 558 104 847
2055 558 1455 1243
2056 558 148 676
2057 148 558 676
2058 558 148 676
2059 148 558 676
2060 558 148 676
2061 558 148 676
2062 558 148 676
2063 558 1241 748
2064 399 657 1296
2065 558 267 785
2066 353 657 1028
2067 558 450 1159
2068 1578 558 1431
2069 1215 558 238
2070 801 558 969
2071 558 585 232
2072 1704 558 232
2073 558 1316 232
2074 1177 1069 943
2075 1315 558 1429
2076 381 558 1429
2077 1442 1045 943
2078 558 1134 1481
2079 728 357 943
2080 558 160 781
2081 558 912 1481
2082 1652 385 943
2083 1005 558 558
2084 470 558 646
2085 1194 99 943
2086 556 558 727
2087 368 558 932
2088 558 1352 932
2089 291 558 1121
2090 558 733 981
2091 107 66 943
2092 475 657 1143
2093 558 1677 1143
2094 558 999 1143
2095 957 394 943
2096 1506 558 1285
2097 1510 1122 1285
2098 558 1175 1447
2099 808 558 1327
2100 1154 558 959
2101 558 1493 171
2102 558 1493 171
2103 558 1493 171
2104 558 1493 171
2105 1475 1686 345
2106 558 1097 345
2107 558 767 1138
2108 1387 240 710
2109 558 1193 815
2110 558 1065 1292
2111 667 558 829
2112 1434 558 98
2113 830 558 1505
2114 1030 558 757
2115 1718 671 710
2116 1130 558 192
2117 558 1069 1024
2118 1231 1176 943
2119 1429 558 1062
2120 558 358 1171
2121 558 1090 1222
2122 558 1717 382
2123 1216 54 1186
2124 1459 482 336
2125 159 558 558
2126 558 221 1579
2127 1119 892 1042
2128 374 558 1591
2129 439 1302 1042
2130 77 833 1042
2131 279 558 507
2132 186 1082 507
2133 961 1266 710
2134 558 1486 200
2135 293 1367 200
2136 558 57 200
2137 1501 558 353
2138 1501 558 353
2139 952 1509 943
2140 97 558 222
2141 1245 558 938
2142 558 1644 99
2143 1666 558 108
2144 1446 558 850
2145 430 558 850
2146 1169 1216 943
2147 588 529 943
2148 483 657 943
2149 121 657 943
2150 558 14 67
2151 558 297 1032
2152 558 763 1534
2153 1068 657 1534
2154 1045 558 69
2155 1009 1322 36
2156 558 735 36
2157 657 539 417
2158 539 657 417
2159 539 657 417
2160 657 539 417
2161 657 539 417
2162 657 539 417
2163 539 657 417
2164 1211 558 967
2165 1211 558 967
2166 1211 558 1286
2167 558 1612 690
2168 558 804 690
2169 1311 558 690
2170 492 558 690
2171 1259 558 690
2172 558 354 690
2173 558 341 690
2174 558 461 690
2175 558 352 690
2176 558 1589 690
2177 1569 558 690
2178 281 558 690
2179 657 710 1399
2180 321 558 398
2181 692 558 43
2182 620 558 1293
2183 1122 558 936
2184 1194 558 348
2185 988 558 350
2186 558 875 743
2187 545 609 743
2188 558 1547 743
2189 558 1694 890
2190 1539 1001 140
2191 1336 13 140
2192 64 54 325
2193 407 54 140
2194 38 558 710
2195 558 1247 710
2196 882 558 1252
2197 1160 1405 140
2198 315 1188 140
2199 1651 1287 140
2200 233 970 761
2201 558 762 761
2202 558 1372 1201
2203 558 1293 840
2204 1439 558 115
2205 558 1072 97
2206 558 769 97
2207 558 1170 755
2208 657 102 834
2209 129 558 75
2210 1571 558 142
2211 427 165 142
2212 1628 957 574
2213 841 250 574
2214 681 740 574
2215 350 1071 574
2216 1063 296 574
2217 277 477 574
2218 336 722 574
2219 304 1318 574
2220 1205 569 233
2221 1282 657 943
2222 657 887 1191
2223 657 887 1191
2224 657 887 1191
2225 657 887 1191
2226 558 709 1499
2227 657 1201 1499
2228 929 558 1549
2229 414 558 943
2230 898 558 943
2231 558 132 31
2232 1583 558 918
2233 558 112 336
2234 1110 558 756
2235 146 1108 1331
2236 929 991 1331
2237 1618 1473 1331
2238 1654 1302 1331
2239 892 1344 1331
2240 831 1503 1331
2241 326 833 1331
2242 1592 493 1331
2243 540 558 369
2244 1542 1685 1345
2245 1568 558 1345
2246 795 558 1649
2247 1180 1533 710
2248 558 983 1403
2249 558 580 1268
2250 657 1545 287
2251 558 1034 287
2252 558 994 287
2253 558 347 219
2254 1150 52 140
2255 558 1332 984
2256 558 582 610
2257 1251 1001 801
2258 937 558 1139
2259 1500 526 943
2260 658 1405 801
2261 603 558 47
2262 518 1336 801
2263 733 166 801
2264 499 558 49
2265 558 824 579
2266 558 445 862
2267 558 1185 729
2268 738 1519 710
2269 558 734 1540
2270 1503 657 943
2271 558 629 50
2272 440 151 943
2273 1716 558 660
2274 1708 558 660
2275 558 256 594
2276 558 208 39
2277 558 1349 558
2278 927 26 943
2279 1335 558 628
2280 657 1698 628
2281 616 460 943
2282 558 1233 895
2283 558 76 895
2284 1658 558 895
2285 558 786 895
2286 558 1664 895
2287 558 1612 895
2288 558 784 895
2289 244 558 895
2290 1623 558 895
2291 558 764 895
2292 1311 558 895
2293 324 558 895
2294 857 558 895
2295 558 1337 895
2296 1355 558 895
2297 787 558 895
2298 558 575 895
2299 558 1381 895
2300 822 558 895
2301 131 558 895
2302 558 1086 895
2303 558 1074 895
2304 558 1246 895
2305 0 558 895
2306 558 594 895
2307 558 1052 895
2308 558 1589 895
2309 558 446 895
2310 309 558 895
2311 53 558 895
2312 1292 558 895
2313 558 1155 895
2314 558 1569 895
2315 558 301 895
2316 558 950 895
2317 558 1710 895
2318 1419 558 895
2319 558 716 681
2320 72 1503 283
2321 693 558 143
2322 1285 558 143
2323 558 604 1031
2324 1455 1505 943
2325 1240 558 1566
2326 657 863 1566
2327 1507 864 710
2328 996 558 1133
2329 856 919 1704
2330 835 558 1704
2331 838 558 581
2332 11 1563 397
2333 134 558 1557
2334 892 208 283
2335 1130 558 862
2336 657 315 943
2337 133 558 943
2338 161 558 943
2339 558 332 418
2340 740 276 943
2341 558 1000 1466
2342 753 558 1257
2343 711 558 1257
2344 558 569 1257
2345 440 558 24
2346 1025 558 64
2347 558 1107 58
2348 795 360 943
2349 679 1554 739
2350 558 479 739
2351 868 1631 943
2352 558 272 0
2353 657 1349 298
2354 657 1349 298
2355 657 1349 298
2356 657 1349 298
2357 558 195 659
2358 195 558 659
2359 195 558 659
2360 195 558 659
2361 558 195 659
2362 195 558 659
2363 54 146 1698
2364 1150 929 1698
2365 1618 1287 1698
2366 1188 1654 1698
2367 1405 1344 1698
2368 166 831 1698
2369 326 1336 1698
2370 1592 1001 1698
2371 1282 694 1468
2372 707 642 943
2373 1722 558 780
2374 558 1704 379
2375 1512 558 1125
2376 558 382 1125
2377 1173 558 1125
2378 1543 558 1125
2379 76 558 1125
2380 245 558 1125
2381 786 558 1125
2382 1664 558 1125
2383 682 558 1125
2384 1482 558 1125
2385 552 558 1125
2386 1487 558 1125
2387 764 558 1125
2388 1057 558 1125
2389 58 558 1125
2390 1520 558 1125
2391 1381 558 1125
2392 257 558 1125
2393 1324 558 1125
2394 179 558 1125
2395 558 131 1125
2396 4 558 1125
2397 1396 558 1125
2398 167 558 1125
2399 354 558 1125
2400 1086 558 1125
2401 1074 558 1125
2402 558 273 1125
2403 594 558 1125
2404 677 558 1125
2405 447 558 1125
2406 1052 558 1125
2407 558 791 1125
2408 750 558 1125
2409 932 558 1125
2410 1589 558 1125
2411 309 558 1125
2412 1430 558 1125
2413 1292 558 1125
2414 1114 558 1125
2415 1226 558 1125
2416 1006 558 1125
2417 1164 558 1125
2418 950 558 1125
2419 281 558 1125
2420 1665 558 1125
2421 607 558 1125
2422 1419 558 1125
2423 1050 558 1125
2424 59 558 1255
2425 1546 558 781
2426 558 1457 781
2427 558 1369 897
2428 1508 558 46
2429 558 1559 530
2430 558 1632 530
2431 558 510 434
2432 414 558 1247
2433 152 558 630
2434 558 1572 701
2435 558 193 701
2436 1352 558 335
2437 558 1156 1696
2438 1156 558 1696
2439 1156 558 1696
2440 558 1156 1696
2441 1156 558 1696
2442 407 558 229
2443 506 558 192
2444 925 558 517
2445 139 558 934
2446 1064 1711 943
2447 657 1443 1545
2448 648 1181 754
2449 1595 558 754
2450 292 52 48
2451 590 1178 710
2452 558 775 1128
2453 1670 407 48
2454 617 558 713
2455 676 558 713
2456 751 1192 943
2457 657 1639 489
2458 558 1153 489
2459 659 558 489
2460 558 100 1018
2461 1469 558 1220
2462 558 778 231
2463 558 368 1430
2464 911 558 877
2465 911 558 877
2466 558 847 300
2467 558 602 133
2468 657 1263 133
2469 1201 558 709
2470 987 558 1216
2471 558 1293 318
2472 558 1075 1393
2473 558 1007 1704
2474 176 558 236
2475 1551 652 741
2476 205 1206 741
2477 948 27 741
2478 49 1301 741
2479 502 1496 741
2480 584 141 741
2481 1670 1722 741
2482 292 209 741
2483 515 1411 943
2484 616 558 665
2485 558 315 203
2486 558 1651 203
2487 558 483 203
2488 558 1160 203
2489 550 558 1228
2490 558 1539 203
2491 558 13 203
2492 1230 558 360
2493 1118 558 204
2494 632 1058 1289
2495 558 198 197
2496 558 198 197
2497 558 1092 888
2498 1675 74 879
2499 1609 1378 879
2500 1692 1082 270
2501 1668 558 407
2502 558 824 487
2503 1432 583 1068
2504 96 1621 1068
2505 1619 558 182
2506 126 1486 943
2507 152 558 788
2508 558 1492 974
2509 378 558 1357
2510 732 558 1161
2511 558 1621 1302
2512 558 182 646
2513 558 347 607
2514 1267 1298 710
2515 558 42 1613
2516 657 643 1613
2517 558 1682 901
2518 558 1362 901
2519 940 378 943
2520 558 187 248
2521 558 1718 248
2522 558 837 1623
2523 1163 657 747
2524 558 1715 358
2525 1437 208 438
2526 72 1630 438
2527 121 1458 438
2528 1647 1299 438
2529 413 488 438
2530 976 1282 438
2531 1242 481 438
2532 723 684 438
2533 975 558 854
2534 558 1500 1345
2535 635 289 943
2536 558 133 1404
2537 558 1242 1193
2538 558 1416 833
2539 930 558 1276
2540 930 558 1276
2541 558 83 1400
2542 611 558 1509
2543 558 1507 684
2544 43 657 839
2545 484 536 943
2546 6 558 43
2547 1539 1206 1235
2548 13 652 1235
2549 483 1301 1235
2550 1160 27 1235
2551 315 141 1235
2552 1651 1496 1235
2553 52 209 1235
2554 407 1722 1235
2555 605 779 1440
2556 558 700 1201
2557 1062 381 943
2558 1129 558 710
2559 558 1352 1642
2560 211 657 1041
2561 657 211 1041
2562 657 211 1041
2563 657 211 1041
2564 211 657 1041
2565 1254 558 178
2566 1195 558 178
2567 657 1191 178
2568 300 558 389
2569 558 491 1541
2570 437 657 1541
2571 558 431 943
2572 657 195 1639
2573 1237 657 475
2574 558 1072 353
2575 558 1072 353
2576 1189 558 1008
2577 558 1511 1008
2578 344 814 410
2579 557 558 410
2580 558 375 308
2581 558 65 308
2582 706 678 943
2583 558 533 561
2584 558 474 410
2585 558 1608 1423
2586 869 657 1423
2587 168 836 710
2588 1392 558 1297
2589 1699 1024 943
2590 558 1232 364
2591 468 18 710
2592 404 296 59
2593 1649 558 389
2594 558 1464 1487
2595 1632 277 59
2596 558 378 18
2597 1480 379 1570
2598 833 657 943
2599 1681 905 440
2600 213 576 943
2601 862 537 943
2602 789 158 710
2603 1685 558 1166
2604 1568 558 1166
2605 558 855 1660
2606 1100 657 1660
2607 558 1712 1134
2608 1006 558 1050
2609 656 1594 779
2610 558 1032 297
2611 558 1344 556
2612 558 1196 1689
2613 558 826 1315
2614 1202 558 1265
2615 1334 558 1265
2616 733 615 943
2617 657 195 1639
2618 63 558 158
2619 558 1703 1373
2620 558 395 1373
2621 558 1639 1153
2622 659 657 1153
2623 761 558 314
2624 558 1550 781
2625 967 1269 943
2626 558 1390 1459
2627 558 174 1459
2628 558 11 1396
2629 199 327 943
2630 252 338 943
2631 187 1579 710
2632 627 566 710
2633 1186 558 1247
2634 306 581 943
2635 1564 558 1157
2636 558 1374 562
2637 1453 558 1266
2638 195 657 1639
2639 744 558 1473
2640 558 314 893
2641 558 1573 1473
2642 662 558 625
2643 657 1186 625
2644 558 1172 646
2645 558 464 1284
2646 558 464 1284
2647 558 464 1284
2648 558 505 1122
2649 558 433 1122
2650 558 1213 609
2651 1325 657 97
2652 558 385 604
2653 522 558 1145
2654 558 5 737
2655 558 1717 1512
2656 554 17 943
2657 558 1615 940
2658 399 558 359
2659 399 558 359
2660 558 399 359
2661 399 558 359
2662 558 399 359
2663 399 558 359
2664 399 558 359
2665 191 558 790
2666 1107 558 1204
2667 558 1638 1591
2668 768 836 821
2669 558 465 206
2670 558 368 528
2671 316 558 1167
2672 558 143 1167
2673 696 558 217
2674 210 558 234
2675 172 558 234
2676 1633 657 234
2677 1618 558 419
2678 43 558 710
2679 558 1247 710
2680 1247 558 710
2681 558 947 162
2682 558 243 991
2683 1535 493 859
2684 235 833 859
2685 60 558 1576
2686 84 558 1576
2687 271 558 1576
2688 370 558 1576
2689 1612 558 1576
2690 784 558 1576
2691 204 558 1576
2692 804 558 1576
2693 1311 558 1576
2694 1428 558 1576
2695 492 558 1576
2696 1204 558 1576
2697 1259 558 1576
2698 342 558 1576
2699 857 558 1576
2700 712 558 1576
2701 776 558 1576
2702 1168 558 1576
2703 1721 558 1576
2704 487 558 1576
2705 579 558 1576
2706 1239 558 1576
2707 285 558 1576
2708 1524 558 1576
2709 0 558 1576
2710 1478 558 1576
2711 1210 558 1576
2712 461 558 1576
2713 660 558 1576
2714 1557 558 1576
2715 259 558 1576
2716 352 558 1576
2717 446 558 1576
2718 528 558 1576
2719 904 558 1576
2720 1569 558 1576
2721 1710 558 1576
2722 219 558 1576
2723 1385 558 1576
2724 1147 391 710
2725 1432 991 859
2726 96 1302 859
2727 1473 704 859
2728 1678 1503 859
2729 1645 892 859
2730 806 558 558
2731 589 578 943
2732 1586 558 682
2733 768 994 943
2734 1386 426 1316
2735 914 558 1316
2736 657 413 943
2737 1229 780 943
2738 41 558 1441
2739 1318 1695 1535
2740 558 1398 1535
2741 558 20 1316
2742 558 387 853
2743 670 558 519
2744 558 670 519
2745 723 1302 283
2746 976 991 283
2747 493 1647 283
2748 558 1481 698
2749 1371 558 846
2750 333 558 1201
2751 228 558 21
2752 657 48 21
2753 1530 1110 943
2754 765 558 1123
2755 661 558 1607
2756 1178 558 1652
2757 1121 1225 943
2758 549 558 1247
2759 783 558 655
2760 227 558 540
2761 1263 558 602
2762 1661 464 710
2763 255 558 611
2764 741 657 611
2765 917 558 248
2766 558 513 954
2767 558 322 1026
2768 171 657 1026
2769 455 1082 1051
2770 626 1249 1200
2771 456 191 943
2772 558 1455 822
2773 918 558 404
2774 142 558 404
2775 558 1331 943
2776 558 1698 943
2777 558 1479 842
2778 657 66 842
2779 657 1140 713
2780 1231 558 1409
2781 11 558 1228
2782 1135 558 166
2783 1695 558 1522
2784 558 1398 1522
2785 364 86 943
2786 1117 558 70
2787 10 558 1211
2788 558 1308 637
2789 349 657 1608
2790 807 431 1599
2791 558 1698 1335
2792 252 558 1665
2793 558 1263 1247
2794 1308 1489 1314
2795 637 558 1314
2796 558 819 596
2797 558 658 565
2798 1678 1383 1068
2799 235 351 1068
2800 1535 423 1068
2801 1294 558 1605
2802 1112 558 927
2803 1449 558 958
2804 871 777 943
2805 1229 835 919
2806 1486 1538 919
2807 558 200 919
2808 1655 558 1211
2809 558 809 1077
2810 558 1410 1077
2811 705 1668 710
2812 1211 558 273
2813 558 1445 1492
2814 558 1457 1492
2815 558 525 266
2816 558 188 1357
2817 246 123 710
2818 7 657 1415
2819 558 413 217
2820 558 813 440
2821 558 1280 335
2822 1549 558 1234
2823 851 558 302
2824 1650 94 710
2825 1602 506 943
2826 558 853 770
2827 163 558 249
2828 1704 558 249
2829 890 558 1
2830 558 1601 1329
2831 558 382 1329
2832 558 1173 1329
2833 558 1233 1329
2834 558 1543 1329
2835 558 76 1329
2836 558 1540 1329
2837 245 558 1329
2838 558 786 1329
2839 558 1482 1329
2840 558 370 1329
2841 558 552 1329
2842 558 784 1329
2843 558 1623 1329
2844 558 403 1329
2845 1311 558 1329
2846 558 1355 1329
2847 558 257 1329
2848 558 179 1329
2849 558 1086 1329
2850 558 487 1329
2851 558 145 1329
2852 558 1478 1329
2853 1557 558 1329
2854 558 517 1329
2855 558 352 1329
2856 558 750 1329
2857 558 932 1329
2858 558 309 1329
2859 558 1569 1329
2860 558 301 1329
2861 558 941 199
2862 25 558 256
2863 633 1059 943
2864 1575 40 943
2865 1554 558 61
2866 558 479 61
2867 485 558 85
2868 679 558 479
2869 1088 558 873
2870 558 134 259
2871 444 558 823
2872 1433 558 840
2873 657 381 1315
2874 949 523 83
2875 558 1406 83
2876 570 558 1220
2877 799 264 943
2878 1693 264 943
2879 46 558 992
2880 558 252 301
2881 558 241 745
2882 558 1446 771
2883 430 465 771
2884 474 766 1184
2885 558 410 1184
2886 1671 558 1077
2887 558 1460 1077
2888 811 558 838
2889 558 26 1112
2890 558 209 113
2891 187 759 710
2892 1687 558 1108
2893 558 1035 943
2894 558 1328 541
2895 872 1150 129
2896 587 558 1283
2897 401 54 129
2898 558 1109 902
2899 558 1109 902
2900 558 1289 902
2901 1047 558 830
2902 534 657 830
2903 558 766 1643
2904 1704 558 1643
2905 558 410 1643
2906 558 1587 1077
2907 558 540 1077
2908 1408 1000 1044
2909 1379 215 943
2910 1279 345 986
2911 1722 1108 247
2912 991 209 247
2913 1473 1496 247
2914 141 1302 247
2915 27 892 247
2916 1301 1503 247
2917 833 652 247
2918 493 1206 247
2919 1128 869 943
2920 772 558 1674
2921 446 558 909
2922 528 558 909
2923 0 558 909
2924 1210 558 909
2925 1385 558 909
2926 370 558 909
2927 784 558 909
2928 776 558 909
2929 1168 558 909
2930 104 1221 943
2931 558 1186 943
2932 1263 558 943
2933 558 325 943
2934 558 801 943
2935 47 420 710
2936 558 1706 937
2937 558 1704 937
2938 558 1345 937
2939 717 558 1132
2940 666 1380 710
2941 334 558 1382
2942 676 657 617
2943 1474 527 710
2944 1705 558 630
2945 898 558 1518
2946 1710 558 996
2947 558 1601 996
2948 558 382 996
2949 558 1173 996
2950 1233 558 996
2951 1658 558 996
2952 1664 558 996
2953 1482 558 996
2954 665 558 996
2955 558 286 996
2956 558 271 996
2957 558 370 996
2958 552 558 996
2959 1612 558 996
2960 1487 558 996
2961 784 558 996
2962 764 558 996
2963 558 1582 996
2964 558 1031 996
2965 558 804 996
2966 1311 558 996
2967 1520 558 996
2968 857 558 996
2969 712 558 996
2970 1337 558 996
2971 558 1381 996
2972 558 776 996
2973 558 157 996
2974 257 558 996
2975 131 558 996
2976 4 558 996
2977 303 558 996
2978 1721 558 996
2979 558 1086 996
2980 558 487 996
2981 558 579 996
2982 1239 558 996
2983 0 558 996
2984 1478 558 996
2985 594 558 996
2986 660 558 996
2987 558 1557 996
2988 558 259 996
2989 558 1052 996
2990 791 558 996
2991 352 558 996
2992 750 558 996
2993 932 558 996
2994 1589 558 996
2995 558 446 996
2996 558 528 996
2997 558 309 996
2998 1430 558 996
2999 1292 558 996
3000 1646 558 996
3001 1114 558 996
3002 1476 558 996
3003 558 1226 996
3004 558 1569 996
3005 558 950 996
3006 1050 558 996
3007 1419 558 996
3008 1164 558 996
3009 995 558 312
3010 854 742 312
3011 1425 558 988
3012 1291 1382 710
3013 558 926 717
3014 558 1087 717
3015 558 1545 1034
3016 994 657 1034
3017 558 1410 1690
3018 558 744 1302
3019 1558 558 40
3020 558 12 40
3021 558 1016 1282
3022 551 558 393
3023 596 1085 943
3024 1175 685 943
3025 1312 558 1291
3026 1013 532 592
3027 558 1217 592
3028 1510 558 1021
3029 365 558 809
3030 558 77 90
3031 1454 558 852
3032 260 558 852
3033 1107 1555 324
3034 558 1325 769
3035 657 1072 769
3036 558 1643 900
3037 1393 1393 147
3038 1393 558 147
3039 1393 558 147
3040 558 1393 147
3041 558 1393 147
3042 558 1393 147
3043 558 1393 147
3044 558 1393 147
3045 558 1393 147
3046 1376 558 1473
3047 558 125 365
3048 363 558 537
3049 731 558 993
3050 263 1203 753
3051 558 1629 753
3052 827 558 926
3053 632 339 943
3054 558 108 1364
3055 657 1666 1364
3056 558 953 425
3057 943 558 1467
3058 943 558 1467
3059 943 558 1467
3060 558 943 1467
3061 558 720 56
3062 558 1494 260
3063 1009 558 735
3064 935 558 1242
3065 558 146 5
3066 438 558 1462
3067 1544 558 1115
3068 558 1658 1394
3069 558 985 1394
3070 558 1664 1394
3071 558 682 1394
3072 558 665 1394
3073 558 286 1394
3074 558 271 1394
3075 558 1612 1394
3076 558 1487 1394
3077 558 244 1394
3078 558 1520 1394
3079 558 324 1394
3080 558 712 1394
3081 558 787 1394
3082 558 575 1394
3083 558 1466 1394
3084 558 776 1394
3085 558 822 1394
3086 558 131 1394
3087 558 1420 1394
3088 558 4 1394
3089 558 167 1394
3090 558 303 1394
3091 558 1504 1394
3092 558 579 1394
3093 558 0 1394
3094 558 259 1394
3095 558 528 1394
3096 558 1430 1394
3097 558 1646 1394
3098 558 1155 1394
3099 558 1476 1394
3100 558 1226 1394
3101 558 1164 1394
3102 1497 558 1438
3103 887 558 1254
3104 558 887 1254
3105 558 887 1254
3106 558 887 1254
3107 302 558 540
3108 558 365 540
3109 1294 558 540
3110 558 506 236
3111 1656 558 1580
3112 1159 558 1580
3113 845 1550 1573
3114 959 558 430
3115 578 166 1263
3116 1724 1336 1263
3117 558 574 1256
3118 1694 1287 1263
3119 242 1188 1263
3120 436 1405 1263
3121 558 520 224
3122 657 37 224
3123 558 831 1719
3124 558 570 1144
3125 1394 558 1329
3126 558 879 248
3127 558 538 1599
3128 657 399 1296
3129 558 1599 103
3130 1391 1577 943
3131 558 1255 531
3132 657 59 531
3133 657 298 63
3134 668 999 943
3135 1298 907 821
3136 1106 1404 943
3137 558 240 498
3138 558 240 498
3139 558 240 498
3140 558 1464 1612
3141 558 1649 712
3142 767 1150 801
3143 841 189 1432
3144 558 155 1432
3145 1186 558 662
3146 558 33 469
3147 86 558 1232
3148 558 1676 1232
3149 634 657 1232
3150 558 1709 1434
3151 558 1389 752
3152 558 216 681
3153 639 558 130
3154 104 558 275
3155 1515 851 1019
3156 231 558 1019
3157 1458 558 731
3158 558 1120 248
3159 1039 2 248
3160 558 300 342
3161 117 558 1398
3162 558 1241 1398
3163 558 1140 617
3164 1295 558 1527
3165 1515 558 125
3166 558 90 1625
3167 1379 558 1476
3168 275 558 1697
3169 558 595 1168
3170 623 558 143
3171 1347 558 782
3172 934 558 366
3173 622 72 898
3174 900 208 898
3175 1611 1647 898
3176 377 1458 898
3177 1022 976 898
3178 1139 488 898
3179 1359 723 898
3180 655 481 898
3181 483 166 140
3182 618 121 1468
3183 558 254 483
3184 558 1038 336
3185 515 1158 1542
3186 558 1253 1542
3187 984 558 1247
3188 558 870 576
3189 558 870 576
3190 558 870 576
3191 558 515 1253
3192 558 160 934
3193 1689 558 837
3194 558 910 590
3195 332 54 1700
3196 558 423 493
3197 974 774 943
3198 934 968 943
3199 1196 415 943
3200 680 1688 943
3201 106 558 1528
3202 558 669 303
3203 121 235 437
3204 1299 1535 437
3205 349 657 1608
3206 1282 1432 437
3207 1437 1645 437
3208 1678 1630 437
3209 1126 1465 943
3210 684 96 437
3211 19 899 943
3212 558 1179 725
3213 1286 558 930
3214 558 718 1005
3215 1591 558 558
3216 1618 978 943
3217 558 111 945
3218 304 1123 943
3219 896 558 650
3220 1211 558 1002
3221 1470 299 1416
3222 152 558 952
3223 558 272 862
3224 1717 1351 258
3225 1709 1150 1263
3226 1228 558 669
3227 1393 558 558
3228 1374 1252 943
3229 1483 558 1627
3230 558 1084 1627
3231 1707 558 936
3232 388 558 936
3233 727 1344 943
3234 558 1265 502
3235 558 1251 1640
3236 558 420 865
3237 645 558 1032
3238 60 558 1384
3239 1512 558 1384
3240 382 558 1384
3241 1173 558 1384
3242 84 558 1384
3243 1543 558 1384
3244 76 558 1384
3245 245 558 1384
3246 786 558 1384
3247 1664 558 1384
3248 682 558 1384
3249 1482 558 1384
3250 271 558 1384
3251 370 558 1384
3252 552 558 1384
3253 1612 558 1384
3254 1487 558 1384
3255 784 558 1384
3256 1582 558 1384
3257 804 558 1384
3258 1311 558 1384
3259 1428 558 1384
3260 492 558 1384
3261 1204 558 1384
3262 1520 558 1384
3263 1259 558 1384
3264 342 558 1384
3265 857 558 1384
3266 712 558 1384
3267 776 558 1384
3268 157 558 1384
3269 257 558 1384
3270 1324 558 1384
3271 179 558 1384
3272 131 558 1384
3273 4 558 1384
3274 1396 558 1384
3275 167 558 1384
3276 1168 558 1384
3277 1721 558 1384
3278 1086 558 1384
3279 1074 558 1384
3280 487 558 1384
3281 579 558 1384
3282 1239 558 1384
3283 1524 558 1384
3284 0 558 1384
3285 1478 558 1384
3286 1210 558 1384
3287 461 558 1384
3288 660 558 1384
3289 1557 558 1384
3290 259 558 1384
3291 791 558 1384
3292 352 558 1384
3293 750 558 1384
3294 932 558 1384
3295 446 558 1384
3296 528 558 1384
3297 1430 558 1384
3298 1292 558 1384
3299 1114 558 1384
3300 1226 558 1384
3301 1569 558 1384
3302 1665 558 1384
3303 1050 558 1384
3304 1419 558 1384
3305 1385 558 1384
3306 1164 558 1384
3307 1006 558 1384
3308 1712 45 943
3309 558 871 1561
3310 726 558 1210
3311 558 256 1210
3312 558 1076 1463
3313 657 147 1463
3314 558 1711 183
3315 558 1455 257
3316 64 564 943
3317 659 429 943
3318 1209 558 1213
3319 558 48 228
3320 558 186 1224
3321 558 1414 495
3322 558 1441 1277
3323 657 41 1277
3324 558 781 248
3325 558 781 248
3326 930 558 134
3327 467 558 134
3328 449 67 943
3329 1080 558 811
3330 1205 100 811
3331 991 657 943
3332 558 1641 809
3333 1192 1547 609
3334 1209 1264 609
3335 558 384 1412
3336 62 558 1349
3337 1338 720 710
3338 558 1109 1464
3339 227 703 710
3340 166 657 943
3341 548 181 943
3342 1095 1306 710
3343 558 43 710
3344 558 839 710
3345 558 507 1049
3346 558 954 338
3347 1001 1522 549
3348 981 558 615
3349 1260 558 598
3350 558 328 310
3351 494 558 1539
3352 13 657 943
3353 657 1299 943
3354 501 558 180
3355 976 558 1102
3356 239 192 1048
3357 558 1531 184
3358 1199 1485 943
3359 824 56 943
3360 886 558 943
3361 524 1307 639
3362 577 28 639
3363 738 364 639
3364 463 1513 639
3365 1094 558 1630
3366 558 1712 264
3367 261 558 461
3368 726 558 461
3369 380 1077 879
3370 238 558 1713
3371 623 1354 1628
3372 558 713 907
3373 1022 1282 414
3374 413 1139 414
3375 1359 684 414
3376 1242 655 414
3377 622 1630 414
3378 1437 900 414
3379 121 377 414
3380 558 1185 248
3381 558 744 1108
3382 140 558 1271
3383 558 312 159
3384 1637 1287 129
3385 558 1659 499
3386 558 743 499
3387 252 558 950
3388 558 618 1029
3389 1341 695 943
3390 1237 657 475
3391 1435 1001 874
3392 1340 558 642
3393 1340 558 642
3394 1340 558 642
3395 1340 558 642
3396 152 558 1002
3397 558 1407 572
3398 1078 334 943
3399 451 657 1479
3400 451 657 1479
3401 451 657 1479
3402 657 451 1479
3403 451 657 1479
3404 558 1521 1648
3405 14 558 323
3406 558 593 355
3407 657 1700 355
3408 814 558 392
3409 557 558 392
3410 82 558 794
3411 82 558 794
3412 558 82 794
3413 558 82 794
3414 82 558 794
3415 82 558 794
3416 82 558 794
3417 1155 1436 943
3418 696 610 943
3419 811 558 1146
3420 1440 558 248
3421 558 936 841
3422 1501 558 63
3423 23 558 63
3424 801 558 1247
3425 1230 558 43
3426 570 558 122
3427 1313 558 649
3428 640 558 649
3429 452 558 1332
3430 1691 558 1332
3431 1196 558 934
3432 558 1585 943
3433 558 1518 1270
3434 898 657 1270
3435 432 558 1188
3436 432 558 1188
3437 558 714 906
3438 558 214 906
3439 558 578 1017
3440 462 558 1338
3441 1350 558 1382
3442 657 1591 7
3443 657 1591 7
3444 657 1591 7
3445 558 1526 680
3446 629 760 943
3447 558 1427 967
3448 852 558 1001
3449 852 558 1001
3450 211 558 138
3451 211 558 138
3452 211 558 138
3453 211 558 138
3454 1649 1027 943
3455 558 187 926
3456 1118 604 638
3457 396 558 1358
3458 657 435 634
3459 657 435 634
3460 657 435 634
3461 657 435 634
3462 435 657 634
3463 1099 1568 1542
3464 1184 1498 1253
3465 903 558 1253
3466 558 1471 827
3467 392 558 386
3468 1704 558 386
3469 700 1565 943
3470 1166 558 329
3471 1704 558 329
3472 1107 558 492
3473 1005 558 1072
3474 558 1005 1072
3475 1005 558 1072
3476 558 1005 1072
3477 1005 558 1072
3478 558 1005 1072
3479 1005 558 1072
3480 558 1005 1072
3481 486 547 1571
3482 817 558 1571
3483 230 657 826
3484 558 1716 218
3485 1594 688 943
3486 558 67 1395
3487 67 558 1395
3488 941 1111 215
3489 155 250 59
3490 558 669 1504
3491 558 282 6
3492 874 657 6
3493 1280 1037 145
3494 35 558 43
3495 558 583 991
3496 730 558 448
3497 558 1567 678
3498 361 1319 943
3499 758 93 943
3500 1152 558 951
3501 642 657 951
3502 1287 657 943
3503 1190 752 943
3504 892 657 943
3505 1130 558 1258
3506 558 586 1619
3507 356 558 923
3508 1334 558 923
3509 810 558 923
